504
2093
5224
99
4345
7404
411
7386
3379
7378
1690
5643
8004
9340
4935
2203
7099
6573
3314
8943
5149
8264
4726
3640
3960
9533
2635
3706
7690
8297
3389
6819
1859
4470
3779
9799
2298
7850
2132
8141
1930
9517
3712
306
7527
3131
954
9608
271
5406
4418
771
7387
9368
7755
2330
2073
761
5755
9971
7723
6322
8352
6283
4302
8499
6883
2877
3506
6650
2077
941
1422
3774
1779
6863
4048
1314
7223
1517
108
3051
1626
9025
2309
5487
7590
2267
3148
8530
222
4407
4483
8328
6130
1973
1287
7116
5616
1518
